17 39
-1.000000000000000 -0.700000000000000 -0.450000000000000 -0.300000000000000 -0.250000000000000 -0.179515390000000 -0.164719610000000 -0.100000000000000 0.000000000000000 0.100000000000000 0.164719610000000 0.179515390000000 0.250000000000000 0.300000000000000 0.450000000000000 0.700000000000000 1.000000000000000 
0.231866825889216 -2.000000000000000 -0.970457282786839 -0.594916039477038 -0.339202760952007 -0.281525512526484 -0.196694487860847 -0.170824304507975 -0.105488013049350 0.001204996412645 0.105104480656892 0.170251725657521 0.196939865904000 0.281971336683904 0.337908197874794 0.581941285068237 0.893082267602506 2.000000000000000
0.155864351440121 -1.627706993761944 -0.641517967008153 -0.475163803032396 -0.324464926530859 -0.264669548085429 -0.195468331596885 -0.177839819362259 -0.109409349747156 -0.003664530776135 0.107420474551199 0.177987734140251 0.195571652071174 0.266938836484431 0.332402957807655 0.488936036537246 0.644346485700141 1.435413606853226
0.135110657185884 -1.494376100214350 -1.224793325732752 -0.543792590239491 -0.325702536516925 -0.273739932740456 -0.190096899514568 -0.177907643504910 -0.102372085136695 -0.008195492616595 0.100944620369702 0.178399941887026 0.189823327935970 0.277037595062594 0.340757130531276 0.531652808895785 1.179833645311657 1.397133488250418
0.126059635500367 -1.876967621649754 -1.041577231168463 -0.521606605771222 -0.335467060646848 -0.276635049242916 -0.188713973679082 -0.178574875619495 -0.107003494537033 0.004657825320799 0.107431513665285 0.179177704514351 0.187675003268833 0.275202563559606 0.327593282698347 0.537712469169891 0.997196765309585 1.747348298783314
0.124622988073514 -1.260339451528869 -0.380217015153836 -0.491307896027945 -0.338002782239332 -0.273319136301448 -0.193388576089248 -0.178567529393188 -0.105653647327782 0.005962548430562 0.107212057928779 0.176932541250146 0.194282258806448 0.270782671755907 0.326378976478493 0.482022592818198 0.538236807291055 1.460437726804411
0.036867229570282 -1.488093912979891 -0.894038473346026 -0.466620762580152 -0.358877042343863 -0.270646603708967 -0.192368686752399 -0.168614380341567 -0.100613788735935 -0.004410789034683 0.099339063885309 0.168530615927890 0.192370624679402 0.272132523640331 0.364873884220135 0.477334576408894 0.885342585890339 1.325856707682343
0.035453316592425 -1.259755719810570 -1.179241954000827 -0.479820215131655 -0.333065255050767 -0.277808710822938 -0.193211815579338 -0.176125826154820 -0.103246489584364 0.011926755256003 0.105931372445369 0.177730617178369 0.192193845874663 0.271938364339434 0.310636399236780 0.465812854083548 0.835463886922744 1.950406112508834
0.024842922381364 -1.912626514981870 -1.045199595597464 -0.495438698898168 -0.341804911652187 -0.274187210053020 -0.184514811188724 -0.181677452791433 -0.109489927006043 -0.001321220283351 0.108607770148791 0.181707015260217 0.184355680972093 0.275599190643987 0.345326662255494 0.469394368315152 0.767763923682576 1.915286185309950
0.024384067733143 -0.451738218283754 -1.227423044265919 -0.364452122958979 -0.323563191095855 -0.269963324913336 -0.191042173525387 -0.177620401645123 -0.105859550211256 -0.008690668074814 0.104369225493854 0.178439525747341 0.190653859257033 0.273356151796937 0.338280888275431 0.289561112322509 1.198221546005010 0.434875948601178
0.024302830255070 -2.000000000000000 -0.668967307166220 -0.392700794258477 -0.323192941964843 -0.270676898646348 -0.189526671967383 -0.179498777813789 -0.096367353676265 0.001027994467331 0.096110181170300 0.179088032284780 0.189768676112818 0.270790083920132 0.321064050556034 0.406785372656005 0.681099762239943 2.000000000000000
0.017241945536159 -1.910528384706288 -0.801255970804420 -0.587166705870668 -0.315079709917788 -0.268653672123623 -0.190894041593650 -0.182942617460951 -0.117679657298580 0.005384665382385 0.120120334994986 0.183297379734940 0.190812079385796 0.264654211898937 0.304837037309248 0.586090593123290 0.797734471840374 1.804265095371123
0.017039770443130 -1.261297923426635 -0.640512060188190 -0.504325848682655 -0.328280131153837 -0.290545737935878 -0.189858026645156 -0.173591767074945 -0.101215378854888 -0.000555934846811 0.100679342664779 0.173684168365067 0.189792928199063 0.291291302754302 0.328944949312559 0.507455449752234 0.519307210267905 1.141489936762757
0.016033157845846 -1.575925310726452 -0.670262492364427 -0.488695591464625 -0.339242374536299 -0.279994120591682 -0.193455836003637 -0.175305527003598 -0.102297905499443 0.020354353886170 0.106613479019464 0.177539687808768 0.191889298431410 0.270738040204884 0.302459174253502 0.472589461868346 1.026422938443990 1.412910921725916
0.014448024290434 -0.569251971246176 -0.741149045492980 -0.504017057085698 -0.330666478434742 -0.273973517732624 -0.194049945057876 -0.169977794786578 -0.103982414598643 0.001753842550093 0.104953115629114 0.170095929592569 0.193822009015502 0.272711305331138 0.327100265045466 0.505583575382048 0.754309187813103 1.697332259555565
0.007955149109241 -1.281679603304315 -0.992723866715249 -0.227055437611369 -0.340715307670633 -0.280014626020740 -0.192805929273508 -0.173512030783586 -0.097717998077870 0.002097514846824 0.097908368462647 0.173644335399594 0.192679961600495 0.279163258199954 0.337160397265657 0.779515598622156 1.194597466488743 -0.021387210766847
0.002889303223309 -0.607622987449941 -1.282586320121978 -0.320114673273272 -0.196955414377811 -0.244308547957056 -0.193928669326367 -0.170407767820398 -0.123442801888488 -0.153629272140049 0.086085094273900 0.184607420626574 0.188772098177510 0.307266966387699 0.460599302007064 0.369246501671209 1.311760723159682 -1.452839582212588
0.001726759814191 -1.829654100913308 2.000000000000000 -0.706945905912725 -0.348105088835816 -0.339791076400198 -0.196798694357389 -0.178331993123470 -0.063747743750263 0.020748833135449 0.152027863021094 0.178301726097367 0.196822429723592 0.254049941144579 0.253097505077427 0.471728550465111 0.531084524880905 1.870662145974977
0.000769606441950 -1.457055133101967 0.689250096058631 -1.718671374043451 -1.472418735264915 -0.654918592450491 -0.221620473285432 -0.317660742356682 -0.051463830262188 2.000000000000000 1.095403330708813 0.606182884702659 0.283833667460835 -2.000000000000000 -1.650948777015701 0.637202439341651 1.425485082273773 1.704991504732315
0.000429444743563 0.703755789683000 2.000000000000000 -0.813214311790561 -1.294622501334290 -0.565395736377571 -0.170750550668965 -0.265755974903652 -0.004687566788515 1.500802448848848 0.367342544123576 0.148577176748421 0.210503753522483 -0.078295013747999 -2.000000000000000 0.931768109841245 -1.534121849470773 0.232680026183221
0.000391373210760 0.689877041851867 -1.644437118917195 -0.629961824687384 1.689416973226979 2.000000000000000 -0.249998432436964 -0.560154635723640 -1.130550257375222 -2.000000000000000 -0.045761323663234 0.334979595642843 0.251787203707899 0.676765804424742 1.555231588910790 2.000000000000000 1.154636025120592 0.757123774287787
0.000262751217562 0.156017284583205 -1.732961389732362 -0.949965367422496 2.000000000000000 0.111967568345014 -0.205093110024748 -0.168276231824241 -0.382665798305052 -1.667071548587534 0.003674499085451 0.249654910149744 0.178074106172187 0.564277292575466 1.396248847549362 0.792435029208108 1.013646881929489 1.230014639022747
0.000258521146573 0.450539858021237 -1.501043895220561 -0.751118497104222 1.770515794705577 2.000000000000000 -0.281655636365700 -0.603263318361128 -1.250013176269955 -2.000000000000000 0.023670526433352 0.377706115866973 0.225431983282175 0.690787608908107 1.534253522359708 1.487787939807114 -0.785023152465343 -0.929182654731407
0.000208755876339 0.924230711778954 0.256010579045152 -1.445320527605041 -2.000000000000000 -1.540538266274519 -0.384059370409204 -0.385832192422697 2.000000000000000 2.000000000000000 1.274947931277536 0.600403792362896 0.155949947301654 -2.000000000000000 -1.645786405853334 -2.000000000000000 2.000000000000000 1.101921740800238
0.000190240851255 1.933833161535180 -2.000000000000000 1.778709663042930 1.886994735992417 2.000000000000000 -0.150664126017550 -0.559805559814453 -1.328533059745414 -2.000000000000000 -2.000000000000000 0.241901622606551 0.605853914651094 1.617572645484647 2.000000000000000 1.739142105888145 -1.892125293978781 -0.414516274274016
0.000149477286621 -1.999459144266069 -1.208016283561784 -1.878639767037465 -1.561082613571076 -0.739104459849006 -0.100309378756013 -0.344288465971188 -0.039060018159673 2.000000000000000 1.187393263015015 0.601760669156057 0.243854284884882 -2.000000000000000 -2.000000000000000 0.590487830039905 1.525095350314255 2.000000000000000
0.000148808863711 -0.904692018774722 -1.927132021012082 -0.280409969941932 1.682056771082833 2.000000000000000 -0.235956694238461 -0.767301724462877 -1.146900391639713 -2.000000000000000 0.047362071314906 0.402652192660893 0.200884876364314 0.608414593016030 1.504138911869873 1.403285262199143 -0.656440459069250 0.294899669273511
0.000133339733341 -1.263822385279085 -1.771387365156005 -0.789561473021273 1.457128568768432 2.000000000000000 -0.273454160767575 -0.590269051372212 -1.113551089764190 -2.000000000000000 0.033065336383291 0.312541230264631 0.224202004434828 0.674381681850519 1.467932216503265 1.892065253290656 1.161303672884039 -1.716233134257926
0.000091990071871 -1.817903559449988 -2.000000000000000 -0.610488293679931 -0.355141614433707 -1.295707666826422 -0.515059444300344 0.019164617045555 2.000000000000000 -2.000000000000000 0.298081500808538 -0.016458257151229 0.118476331467460 0.459456094564295 1.405654372532504 -2.000000000000000 2.000000000000000 2.000000000000000
0.000061880382041 1.866639593598672 -1.252295583463891 -0.614109301421104 1.758422351232776 2.000000000000000 -0.331436038325169 -0.606162358724376 -1.092233506426518 -2.000000000000000 0.106303861262408 0.298756507516997 0.248598069641317 0.594826191315578 1.481268020730806 1.887928132093386 1.213183951352359 -0.211668471029228
0.000054871089523 -0.937657666447450 -1.951239939156052 -1.776386209812849 -0.215204482452249 2.000000000000000 -0.338292534109223 -1.039075206610081 -1.382727408270404 0.002494921611625 1.381856383422023 1.038806271945570 0.338441241787238 -2.000000000000000 0.213029836086959 1.910204301325898 2.000000000000000 -1.563143416970741
0.000041276247273 -1.597220178067463 1.433164886313594 -1.285123502905541 -1.506453121816415 -0.646891999643780 -0.229239148134681 -0.281053840075374 -0.067574458024945 2.000000000000000 1.066530287391977 0.646558261321774 0.268830723857816 -2.000000000000000 -1.567897520843226 -0.191450504587660 1.406579049597122 -0.655856876174046
0.000026720362085 -1.268834903949138 -2.000000000000000 -1.385425356736989 2.000000000000000 0.223930732448140 -0.225098765741387 -0.172833589184998 -0.411719751511874 -2.000000000000000 -0.022830926470367 0.249905921223214 0.176111690861629 0.615727412769901 1.525478777597904 1.449928746445764 -1.179931720809535 1.175740517552777
0.000022493142409 -0.066523617603535 -1.968219442288548 -1.601466995479465 -1.080111873921694 -1.483918329210586 -0.312236839839220 -0.164737223166822 2.000000000000000 -1.102508156268318 0.186363327619489 -2.000000000000000 1.581457619681534 0.906437939868740 1.149859320358486 -1.719541594641417 2.000000000000000 -0.159133583310856
0.000017341240159 -1.376333293805405 2.000000000000000 -1.644543261909382 -1.959349298332382 -1.700953627144211 -1.950981810282968 2.000000000000000 -0.046923965116478 2.000000000000000 1.559369605926764 0.780621071795324 0.217625413540940 -2.000000000000000 -2.000000000000000 -2.000000000000000 1.804128229842291 0.230653691174566
0.000010876426126 -1.856057363090307 -1.954627979453151 2.000000000000000 -0.963653149241416 -0.896888170182254 -1.349709135976742 2.000000000000000 -0.264156431176830 0.710237661753313 -2.000000000000000 0.240013480255171 0.295344261421670 1.383270948448313 1.166371835391410 -0.066147727779894 1.194697684361971 1.520595042535053
0.000008341522121 -2.000000000000000 -2.000000000000000 2.000000000000000 -0.264497443402029 -0.850258857294023 -1.558512310486047 2.000000000000000 -0.237815250394176 -0.054451696189402 -2.000000000000000 0.242538814005320 0.294700027514582 1.394485341848454 1.784932297132295 1.143367978880160 2.000000000000000 1.608948615659120
0.000007719004298 0.843688436910831 -1.720435094904756 -0.430782596616247 2.000000000000000 2.000000000000000 -0.222049010520939 -0.800072282842930 -1.545755894096300 -2.000000000000000 0.054803431900341 -2.000000000000000 1.916507759124268 1.694674670971938 1.953209456290916 2.000000000000000 -2.000000000000000 0.043007321970379
0.000003421898426 -2.000000000000000 -2.000000000000000 -1.266676501973919 -1.749687696428494 -1.376779259975450 -0.431533647844620 -0.129202989040820 2.000000000000000 -0.060813387990055 0.321032437616981 -2.000000000000000 1.896538481927516 0.608175912913142 0.293786871989329 -2.000000000000000 2.000000000000000 1.405062625850886
0.000001814358297 2.000000000000000 2.000000000000000 -2.000000000000000 -2.000000000000000 -1.406656509595922 -0.361587946935155 -0.317512932405481 2.000000000000000 2.000000000000000 1.330777109855572 0.775428944748645 0.087778637421454 -2.000000000000000 -2.000000000000000 -2.000000000000000 2.000000000000000 -2.000000000000000
